bae2802f538c9f82119d2d39f1ceccfd3c9a8fbae5aaff0523dcc13e87d6ac4f 9 9 511 0
3bd0930a8b36bbcac8a0230d1ea64b5e53c110869b05ef8a97b924f74824a7cb 17 17 225 2
7d67ba6e965a261607d486a99e4dd04968caf45696eb2cff62e0efaf808bb13d 3 3 230283 0
cb29ec035d3835a1c341249559c8af4bb9fa9a64321fd07a59ef5fc6688ff316 1 1 0 0
852703cc18160f690e834ff6144f56a08df4303b572c1dc02d7bd1b668e8dae6 1 1 7385 0
1866f365c3ec2b9bfe91626d22a871c106cb95d8907beb24f9f0ac59b3065fdb 3 3 178537 2556
7282a9e3e4ca2b67aa7a881e780a7968acd381c77ff3ca8413ed2fa9c36af7e3 1 1 6415 0
a80d86290a729b72f89d11c28c6ad068ad7606aa499f3be30fb71b3972988622 1 1 7811 0
a0a9f0e1f4cb518bd0dbc4488c93df95df10fc8e01ddcaf53c5386dfbe7c768b 5 5 1252277 1248165
c45409a1b8f2e6acf01fbb0a16b3d24953dd846348c9c8211e7e7ecdc8ad8ba7 18 7 967 11
